							
1206	회	1	3	17	26	27	42
1205	회	1	4	16	23	31	41
1204	회	8	16	28	30	31	44
1203	회	3	6	18	29	35	39
1202	회	5	12	21	33	37	40
1201	회	7	9	24	27	35	36
1200	회	1	2	4	16	20	32
1199	회	16	24	25	30	31	32
1198	회	26	30	33	38	39	41
1197	회	1	5	7	26	28	43
1196	회	8	12	15	29	40	45
1195	회	3	15	27	33	34	36
1194	회	3	13	15	24	33	37
1193	회	6	9	16	19	24	28
1192	회	10	16	23	36	39	40
1191	회	1	4	11	12	20	41
1190	회	7	9	19	23	26	45
1189	회	9	19	29	35	37	38
1188	회	3	4	12	19	22	27
1187	회	5	13	26	29	37	40
1186	회	2	8	13	16	23	28
1185	회	6	17	22	28	29	32
1184	회	14	16	23	25	31	37
1183	회	4	15	17	23	27	36
1182	회	1	13	21	25	28	31
1181	회	8	10	14	20	33	41
1180	회	6	12	18	37	40	41
1179	회	3	16	18	24	40	44
1178	회	5	6	11	27	43	44
1177	회	3	7	15	16	19	43
1176	회	7	9	11	21	30	35
1175	회	3	4	6	8	32	42
1174	회	8	11	14	17	36	39
1173	회	1	5	18	20	30	35
1172	회	7	9	24	40	42	44
1171	회	3	6	7	11	12	17
1170	회	3	13	28	34	38	42
1169	회	5	12	24	26	39	42
1168	회	9	21	24	30	33	37
1167	회	8	23	31	35	39	40
1166	회	14	23	25	27	29	42
1165	회	6	7	27	29	38	45
1164	회	17	18	23	25	38	39
1163	회	2	13	15	16	33	43
1162	회	20	21	22	25	28	29
1161	회	2	12	20	24	34	42
1160	회	7	13	18	36	39	45
1159	회	3	9	27	28	38	39
1158	회	21	25	27	32	37	38
1157	회	5	7	12	20	25	26
1156	회	30	31	34	39	41	45
1155	회	10	16	19	27	37	38
1154	회	4	8	22	26	32	38
1153	회	1	9	10	13	35	44
1152	회	30	31	32	35	36	37
1151	회	2	3	9	15	27	29
1150	회	8	9	18	35	39	45
1149	회	8	15	19	21	32	36
1148	회	3	6	13	15	16	22
1147	회	7	11	24	26	27	37
1146	회	6	11	17	19	40	43
1145	회	2	11	31	33	37	44
1144	회	3	4	12	15	26	34
1143	회	10	16	17	27	28	36
1142	회	2	8	28	30	37	41
1141	회	7	11	12	21	26	35
1140	회	7	10	22	29	31	38
1139	회	5	12	15	30	37	40
1138	회	14	16	19	20	29	34
1137	회	4	9	12	15	33	45
1136	회	21	33	35	38	42	44
1135	회	1	6	13	19	21	33
1134	회	3	7	9	13	19	24
1133	회	13	14	20	28	29	34
1132	회	6	7	19	28	34	41
1131	회	1	2	6	14	27	38
1130	회	15	19	21	25	27	28
1129	회	5	10	11	17	28	34
1128	회	1	5	8	16	28	33
1127	회	10	15	24	30	31	37
1126	회	4	5	9	11	37	40
1125	회	6	14	25	33	40	44
1124	회	3	8	17	30	33	34
1123	회	13	19	21	24	34	35
1122	회	3	6	21	30	34	35
1121	회	6	24	31	32	38	44
1120	회	2	19	26	31	38	41
1119	회	1	9	12	13	20	45
1118	회	11	13	14	15	16	45
1117	회	3	4	9	30	33	36
1116	회	15	16	17	25	30	31
1115	회	7	12	23	32	34	36
1114	회	10	16	19	32	33	38
1113	회	11	13	20	21	32	44
1112	회	16	20	26	36	42	44
1111	회	3	13	30	33	43	45
1110	회	3	7	11	20	22	41
1109	회	10	12	13	19	33	40
1108	회	7	19	26	37	39	44
1107	회	6	14	30	31	40	41
1106	회	1	3	4	29	42	45
1105	회	6	16	34	37	39	40
1104	회	1	7	21	30	35	38
1103	회	10	12	29	31	40	44
1102	회	13	14	22	26	37	38
1101	회	6	7	13	28	36	42
1100	회	17	26	29	30	31	43
1099	회	3	20	28	38	40	43
1098	회	12	16	21	24	41	43
1097	회	14	33	34	35	37	40
1096	회	1	12	16	19	23	43
1095	회	8	14	28	29	34	40
1094	회	6	7	15	22	26	40
1093	회	10	17	22	30	35	43
1092	회	7	18	19	26	33	45
1091	회	6	20	23	24	28	30
1090	회	12	19	21	29	40	45
1089	회	4	18	31	37	42	43
1088	회	11	21	22	30	39	44
1087	회	13	14	18	21	34	44
1086	회	11	16	25	27	35	36
1085	회	4	7	17	18	38	44
1084	회	8	12	13	29	33	42
1083	회	3	7	14	15	22	38
1082	회	21	26	27	32	34	42
1081	회	1	9	16	23	24	38
1080	회	13	16	23	31	36	44
1079	회	4	8	18	24	37	45
1078	회	6	10	11	14	36	38
1077	회	4	8	17	30	40	43
1076	회	3	7	9	33	36	37
1075	회	1	23	24	35	44	45
1074	회	1	6	20	27	28	41
1073	회	6	18	28	30	32	38
1072	회	16	18	20	23	32	43
1071	회	1	2	11	21	30	35
1070	회	3	6	14	22	30	41
1069	회	1	10	18	22	28	31
1068	회	4	7	19	26	33	35
1067	회	7	10	19	23	28	33
1066	회	6	11	16	19	21	32
1065	회	3	18	19	23	32	45
1064	회	3	6	9	18	22	35
1063	회	3	6	22	23	24	38
1062	회	20	31	32	40	41	45
1061	회	4	24	27	35	37	45
1060	회	3	10	24	33	38	45
1059	회	7	10	22	25	34	40
1058	회	11	23	25	30	32	40
1057	회	8	13	19	27	40	45
1056	회	13	20	24	32	36	45
1055	회	4	7	12	14	22	33
1054	회	14	19	27	28	30	45
1053	회	22	26	29	30	34	45
1052	회	5	17	26	27	35	38
1051	회	21	26	30	32	33	35
1050	회	6	12	31	35	38	43
1049	회	3	5	13	20	21	37
1048	회	6	12	17	21	32	39
1047	회	2	20	33	40	42	44
1046	회	7	16	25	29	35	36
1045	회	6	14	15	19	21	41
1044	회	12	17	20	26	28	36
1043	회	3	5	12	22	26	31
1042	회	5	14	15	23	34	43
1041	회	6	7	9	11	17	18
1040	회	8	16	26	29	31	36
1039	회	2	3	6	19	36	39
1038	회	7	16	24	27	37	44
1037	회	2	14	15	22	27	33
1036	회	2	5	22	32	34	45
1035	회	9	14	34	35	41	42
1034	회	26	31	32	33	38	40
1033	회	3	11	15	20	35	44
1032	회	1	6	12	19	36	42
1031	회	6	7	22	32	35	36
1030	회	2	5	11	17	24	29
1029	회	12	30	32	37	39	41
1028	회	5	7	12	13	18	35
1027	회	14	16	27	35	39	45
1026	회	5	12	13	31	32	41
1025	회	8	9	20	25	29	33
1024	회	9	18	20	22	38	44
1023	회	10	14	16	18	29	35
1022	회	5	6	11	29	42	45
1021	회	12	15	17	24	29	45
1020	회	12	27	29	38	41	45
1019	회	1	4	13	17	34	39
1018	회	3	19	21	25	37	45
1017	회	12	18	22	23	30	34
1016	회	15	26	28	34	41	42
1015	회	14	23	31	33	37	40
1014	회	3	11	14	18	26	27
1013	회	21	22	26	34	36	41
1012	회	5	11	18	20	35	45
1011	회	1	9	12	26	35	38
1010	회	9	12	15	25	34	36
1009	회	15	23	29	34	40	44
1008	회	9	11	30	31	41	44
1007	회	8	11	16	19	21	25
1006	회	8	11	15	16	17	37
1005	회	8	13	18	24	27	29
1004	회	7	15	30	37	39	44
1003	회	1	4	29	39	43	45
1002	회	17	25	33	35	38	45
1001	회	6	10	12	14	20	42
1000	회	2	8	19	22	32	42
999	회	1	3	9	14	18	28
998	회	13	17	18	20	42	45
997	회	4	7	14	16	24	44
996	회	6	11	15	24	32	39
995	회	1	4	13	29	38	39
994	회	1	3	8	24	27	35
993	회	6	14	16	18	24	42
992	회	12	20	26	33	44	45
991	회	13	18	25	31	33	44
990	회	2	4	25	26	36	37
989	회	17	18	21	27	29	33
988	회	2	13	20	30	31	41
987	회	2	4	15	23	29	38
986	회	7	10	16	28	41	42
985	회	17	21	23	30	34	44
984	회	3	10	23	35	36	37
983	회	13	23	26	31	35	43
982	회	5	7	13	20	21	44
981	회	27	36	37	41	43	45
980	회	3	13	16	23	24	35
979	회	7	11	16	21	27	33
978	회	1	7	15	32	34	42
977	회	2	9	10	14	22	44
976	회	4	12	14	25	35	37
975	회	7	8	9	17	22	24
974	회	1	2	11	16	39	44
973	회	22	26	31	37	41	42
972	회	3	6	17	23	37	39
971	회	2	6	17	18	21	26
970	회	9	11	16	21	28	36
969	회	3	9	10	29	40	45
968	회	2	5	12	14	24	39
967	회	1	6	13	37	38	40
966	회	1	21	25	29	34	37
965	회	2	13	25	28	29	36
964	회	6	21	36	38	39	43
963	회	6	12	19	23	34	42
962	회	1	18	28	31	34	43
961	회	11	20	29	31	33	42
960	회	2	18	24	30	32	45
959	회	1	14	15	24	40	41
958	회	2	9	10	16	35	37
957	회	4	15	24	35	36	40
956	회	10	11	20	21	25	41
955	회	4	9	23	26	29	33
954	회	1	9	26	28	30	41
953	회	7	9	22	27	37	42
952	회	4	12	22	24	33	41
951	회	2	12	30	31	39	43
950	회	3	4	15	22	28	40
949	회	14	21	35	36	40	44
948	회	13	18	30	31	38	41
947	회	3	8	17	20	27	35
946	회	9	18	19	30	34	40
945	회	9	10	15	30	33	37
944	회	2	13	16	19	32	33
943	회	1	8	13	36	44	45
942	회	10	12	18	35	42	43
941	회	12	14	25	27	39	40
940	회	3	15	20	22	24	41
939	회	4	11	28	39	42	45
938	회	4	8	10	16	31	36
937	회	2	10	13	22	29	40
936	회	7	11	13	17	18	29
935	회	4	10	20	32	38	44
934	회	1	3	30	33	36	39
933	회	23	27	29	31	36	45
932	회	1	6	15	36	37	38
931	회	14	15	23	25	35	43
930	회	8	21	25	38	39	44
929	회	7	9	12	15	19	23
928	회	3	4	10	20	28	44
927	회	4	15	22	38	41	43
926	회	10	16	18	20	25	31
925	회	13	24	32	34	39	42
924	회	3	11	34	42	43	44
923	회	3	17	18	23	36	41
922	회	2	6	13	17	27	43
921	회	5	7	12	22	28	41
920	회	2	3	26	33	34	43
919	회	9	14	17	18	42	44
918	회	7	11	12	31	33	38
917	회	1	3	23	24	27	43
916	회	6	21	22	32	35	36
915	회	2	6	11	13	22	37
914	회	16	19	24	33	42	44
913	회	6	14	16	21	27	37
912	회	5	8	18	21	22	38
911	회	4	5	12	14	32	42
910	회	1	11	17	27	35	39
909	회	7	24	29	30	34	35
908	회	3	16	21	22	23	44
907	회	21	27	29	38	40	44
906	회	2	5	14	28	31	32
905	회	3	4	16	27	38	40
904	회	2	6	8	26	43	45
903	회	2	15	16	21	22	28
902	회	7	19	23	24	36	39
901	회	5	18	20	23	30	34
900	회	7	13	16	18	35	38
899	회	8	19	20	21	33	39
898	회	18	21	28	35	37	42
897	회	6	7	12	22	26	36
896	회	5	12	25	26	38	45
895	회	16	26	31	38	39	41
894	회	19	32	37	40	41	43
893	회	1	15	17	23	25	41
892	회	4	9	17	18	26	42
891	회	9	13	28	31	39	41
890	회	1	4	14	18	29	37
889	회	3	13	29	38	39	42
888	회	3	7	12	31	34	38
887	회	8	14	17	27	36	45
886	회	19	23	28	37	42	45
885	회	1	3	24	27	39	45
884	회	4	14	23	28	37	45
883	회	9	18	32	33	37	44
882	회	18	34	39	43	44	45
881	회	4	18	20	26	27	32
880	회	7	17	19	23	24	45
879	회	1	4	10	14	15	35
878	회	2	6	11	16	25	31
877	회	5	17	18	22	23	43
876	회	5	16	21	26	34	42
875	회	19	22	30	34	39	44
874	회	1	15	19	23	28	42
873	회	3	5	12	13	33	39
872	회	2	4	30	32	33	43
871	회	2	6	12	26	30	34
870	회	21	25	30	32	40	42
869	회	2	6	20	27	37	39
868	회	12	17	28	41	43	44
867	회	14	17	19	22	24	40
866	회	9	15	29	34	37	39
865	회	3	15	22	32	33	45
864	회	3	7	10	13	25	36
863	회	16	21	28	35	39	43
862	회	10	34	38	40	42	43
861	회	11	17	19	21	22	25
860	회	4	8	18	25	27	32
859	회	8	22	35	38	39	41
858	회	9	13	32	38	39	43
857	회	6	10	16	28	34	38
856	회	10	24	40	41	43	44
855	회	8	15	17	19	43	44
854	회	20	25	31	32	36	43
853	회	2	8	23	26	27	44
852	회	11	17	28	30	33	35
851	회	14	18	22	26	31	44
850	회	16	20	24	28	36	39
849	회	5	13	17	29	34	39
848	회	1	2	16	22	38	39
847	회	12	16	26	28	30	42
846	회	5	18	30	41	43	45
845	회	1	16	29	33	40	45
844	회	7	8	13	15	33	45
843	회	19	21	30	33	34	42
842	회	14	26	32	36	39	42
841	회	5	11	14	30	33	38
840	회	2	4	11	28	29	43
839	회	3	9	11	12	13	19
838	회	9	14	17	33	36	38
837	회	2	25	28	30	33	45
836	회	1	9	11	14	26	28
835	회	9	10	13	28	38	45
834	회	6	8	18	35	42	43
833	회	12	18	30	39	41	42
832	회	13	14	19	26	40	43
831	회	3	10	16	19	31	39
830	회	5	6	16	18	37	38
829	회	4	5	31	35	43	45
828	회	4	7	13	29	31	39
827	회	5	11	12	29	33	44
826	회	13	16	24	25	33	36
825	회	8	15	21	31	33	38
824	회	7	9	24	29	34	38
823	회	12	18	24	26	39	40
822	회	9	18	20	24	27	36
821	회	1	12	13	24	29	44
820	회	10	21	22	30	35	42
819	회	16	25	33	38	40	45
818	회	14	15	25	28	29	30
817	회	3	9	12	13	25	43
816	회	12	18	19	29	31	39
815	회	17	21	25	26	27	36
814	회	2	21	28	38	42	45
813	회	11	30	34	35	42	44
812	회	1	3	12	14	16	43
811	회	8	11	19	21	36	45
810	회	5	10	13	21	39	43
809	회	6	11	15	17	23	40
808	회	15	21	31	32	41	43
807	회	6	10	18	25	34	35
806	회	14	20	23	31	37	38
805	회	3	12	13	18	31	32
804	회	1	10	13	26	32	36
803	회	5	9	14	26	30	43
802	회	10	11	12	18	24	42
801	회	17	25	28	37	43	44
800	회	1	4	10	12	28	45
799	회	12	17	23	34	42	45
798	회	2	10	14	22	32	36
797	회	5	22	31	32	39	45
796	회	1	21	26	36	40	41
795	회	3	10	13	26	34	38
794	회	6	7	18	19	30	38
793	회	10	15	21	35	38	43
792	회	2	7	19	25	29	36
791	회	2	10	12	31	33	42
790	회	3	8	19	27	30	41
789	회	2	6	7	12	19	45
788	회	2	10	11	19	35	39
787	회	5	6	13	16	27	28
786	회	12	15	16	20	24	30
785	회	4	6	15	25	26	33
784	회	3	10	23	24	31	39
783	회	14	15	16	17	38	45
782	회	6	18	31	34	38	45
781	회	11	16	18	19	24	39
780	회	15	17	19	21	27	45
779	회	6	12	19	24	34	41
778	회	6	21	35	36	37	41
777	회	6	12	17	21	34	37
776	회	8	9	18	21	28	40
775	회	11	12	29	33	38	42
774	회	12	15	18	28	34	42
773	회	8	12	19	21	31	35
772	회	5	6	11	14	21	41
771	회	6	10	17	18	21	29
770	회	1	9	12	23	39	43
769	회	5	7	11	16	41	45
768	회	7	27	29	30	38	44
767	회	5	15	20	31	34	42
766	회	9	30	34	35	39	41
765	회	1	3	8	12	42	43
764	회	7	22	24	31	34	36
763	회	3	8	16	32	34	43
762	회	1	3	12	21	26	41
761	회	4	7	11	24	42	45
760	회	10	22	27	31	42	43
759	회	9	33	36	40	42	43
758	회	5	9	12	30	39	43
757	회	6	7	11	17	33	44
756	회	10	14	16	18	27	28
755	회	13	14	26	28	30	36
754	회	2	8	17	24	29	31
753	회	2	17	19	24	37	41
752	회	4	16	20	33	40	43
751	회	3	4	16	20	28	44
750	회	1	2	15	19	24	36
749	회	12	14	24	26	34	45
748	회	3	10	13	22	31	32
747	회	7	9	12	14	23	28
746	회	3	12	33	36	42	45
745	회	1	2	3	9	12	23
744	회	10	15	18	21	34	41
743	회	15	19	21	34	41	44
742	회	8	10	13	36	37	40
741	회	5	21	27	34	44	45
740	회	4	8	9	16	17	19
739	회	7	22	29	33	34	35
738	회	23	27	28	38	42	43
737	회	13	15	18	24	27	41
736	회	2	11	17	18	21	27
735	회	5	10	13	27	37	41
734	회	6	16	37	38	41	45
733	회	11	24	32	33	35	40
732	회	2	4	5	17	27	32
731	회	2	7	13	25	42	45
730	회	4	10	14	15	18	22
729	회	11	17	21	26	36	45
728	회	3	6	10	30	34	37
727	회	7	8	10	19	21	31
726	회	1	11	21	23	34	44
725	회	6	7	19	21	41	43
724	회	2	8	33	35	37	41
723	회	20	30	33	35	36	44
722	회	12	14	21	30	39	43
721	회	1	28	35	41	43	44
720	회	1	12	29	34	36	37
719	회	4	8	13	19	20	43
718	회	4	11	20	23	32	39
717	회	2	11	19	25	28	32
716	회	2	6	13	16	29	30
715	회	2	7	27	33	41	44
714	회	1	7	22	33	37	40
713	회	2	5	15	18	19	23
712	회	17	20	30	31	33	45
711	회	11	15	24	35	37	45
710	회	3	4	9	24	25	33
709	회	10	18	30	36	39	44
708	회	2	10	16	19	34	45
707	회	2	12	19	24	39	44
706	회	3	4	6	10	28	30
705	회	1	6	17	22	28	45
704	회	1	4	8	23	33	42
703	회	10	28	31	33	41	44
702	회	3	13	16	24	26	29
701	회	3	10	14	16	36	38
700	회	11	23	28	29	30	44
699	회	4	5	8	16	21	29
698	회	3	11	13	21	33	37
697	회	2	5	8	11	33	39
696	회	1	7	16	18	34	38
695	회	4	18	26	33	34	38
694	회	7	15	20	25	33	43
693	회	1	6	11	28	34	42
692	회	3	11	14	15	32	36
691	회	15	27	33	35	43	45
690	회	24	25	33	34	38	39
689	회	7	17	19	30	36	38
688	회	5	15	22	23	34	35
687	회	1	8	10	13	28	42
686	회	7	12	15	24	25	43
685	회	6	7	12	28	38	40
684	회	1	11	15	17	25	39
683	회	6	13	20	27	28	40
682	회	17	23	27	35	38	43
681	회	21	24	27	29	43	44
680	회	4	10	19	29	32	42
679	회	3	5	7	14	26	34
678	회	4	5	6	12	25	37
677	회	12	15	24	36	41	44
676	회	1	8	17	34	39	45
675	회	1	8	11	15	18	45
674	회	9	10	14	25	27	31
673	회	7	10	17	29	33	44
672	회	8	21	28	31	36	45
671	회	7	9	10	13	31	35
670	회	11	18	26	27	40	41
669	회	7	8	20	29	33	38
668	회	12	14	15	24	27	32
667	회	15	17	25	37	42	43
666	회	2	4	6	11	17	28
665	회	5	6	11	17	38	44
664	회	10	20	33	36	41	44
663	회	3	5	8	19	38	42
662	회	5	6	9	11	15	37
661	회	2	3	12	20	27	38
660	회	4	9	23	33	39	44
659	회	7	18	19	27	29	42
658	회	8	19	25	28	32	36
657	회	10	14	19	39	40	43
656	회	3	7	14	16	31	40
655	회	7	37	38	39	40	44
654	회	16	21	26	31	36	43
653	회	5	6	26	27	38	39
652	회	3	13	15	40	41	44
651	회	11	12	16	26	29	44
650	회	3	4	7	11	31	41
649	회	3	21	22	33	41	42
648	회	13	19	28	37	38	43
647	회	5	16	21	23	24	30
646	회	2	9	24	41	43	45
645	회	1	4	16	26	40	41
644	회	5	13	17	23	28	36
643	회	15	24	31	32	33	40
642	회	8	17	18	24	39	45
641	회	11	18	21	36	37	43
640	회	14	15	18	21	26	35
639	회	6	15	22	23	25	32
638	회	7	18	22	24	31	34
637	회	3	16	22	37	38	44
636	회	6	7	15	16	20	31
635	회	11	13	25	26	29	33
634	회	4	10	11	12	20	27
633	회	9	12	19	20	39	41
632	회	15	18	21	32	35	44
631	회	1	2	4	23	31	34
630	회	8	17	21	24	27	31
629	회	19	28	31	38	43	44
628	회	1	7	12	15	23	42
627	회	2	9	22	25	31	45
626	회	13	14	26	33	40	43
625	회	3	6	7	20	21	39
624	회	1	7	19	26	27	35
623	회	7	13	30	39	41	45
622	회	9	15	16	21	28	34
621	회	1	2	6	16	19	42
620	회	2	16	17	32	39	45
619	회	6	8	13	30	35	40
618	회	8	16	25	30	42	43
617	회	4	5	11	12	24	27
616	회	5	13	18	23	40	45
615	회	10	17	18	19	23	27
614	회	8	21	25	39	40	44
613	회	7	8	11	16	41	44
612	회	6	9	18	19	25	33
611	회	2	22	27	33	36	37
610	회	14	18	20	23	28	36
609	회	4	8	27	34	39	40
608	회	4	8	18	19	39	44
607	회	8	14	23	36	38	39
606	회	1	5	6	14	20	39
605	회	1	2	7	9	10	38
604	회	2	6	18	21	33	34
603	회	2	19	25	26	27	43
602	회	13	14	22	27	30	38
601	회	2	16	19	31	34	35
600	회	5	11	14	27	29	36
599	회	5	12	17	29	34	35
598	회	4	12	24	33	38	45
597	회	8	10	23	24	35	43
596	회	3	4	12	14	25	43
595	회	8	24	28	35	38	40
594	회	2	8	13	25	28	37
593	회	9	10	13	24	33	38
592	회	2	5	6	13	28	44
591	회	8	13	14	30	38	39
590	회	20	30	36	38	41	45
589	회	6	8	28	33	38	39
588	회	2	8	15	22	25	41
587	회	14	21	29	31	32	37
586	회	2	7	12	15	21	34
585	회	6	7	10	16	38	41
584	회	7	18	30	39	40	41
583	회	8	17	27	33	40	44
582	회	2	12	14	33	40	41
581	회	3	5	14	20	42	44
580	회	5	7	9	11	32	35
579	회	5	7	20	22	37	42
578	회	5	12	14	32	34	42
577	회	16	17	22	31	34	37
576	회	10	11	15	25	35	41
575	회	2	8	20	30	33	34
574	회	14	15	16	19	25	43
573	회	2	4	20	34	35	43
572	회	3	13	18	33	37	45
571	회	11	18	21	26	38	43
570	회	1	12	26	27	29	33
569	회	3	6	13	23	24	35
568	회	1	3	17	20	31	44
567	회	1	10	15	16	32	41
566	회	4	5	6	25	26	43
565	회	4	10	18	27	40	45
564	회	14	19	25	26	27	34
563	회	5	10	16	17	31	32
562	회	4	11	13	17	20	31
561	회	5	7	18	37	42	45
560	회	1	4	20	23	29	45
559	회	11	12	25	32	44	45
558	회	12	15	19	26	40	43
557	회	4	20	26	28	35	40
556	회	12	20	23	28	30	44
555	회	11	17	21	24	26	36
554	회	13	14	17	32	41	42
553	회	2	7	17	28	29	39
552	회	1	10	20	32	35	40
551	회	3	6	20	24	27	44
550	회	1	7	14	20	34	37
549	회	29	31	35	38	40	44
548	회	1	12	13	21	32	45
547	회	6	7	15	22	34	39
546	회	8	17	20	27	37	43
545	회	4	24	25	27	34	35
544	회	5	17	21	25	36	44
543	회	13	18	26	31	34	44
542	회	5	6	19	26	41	45
541	회	8	13	26	28	32	34
540	회	3	12	13	15	34	36
539	회	3	19	22	31	42	43
538	회	6	10	18	31	32	34
537	회	12	23	26	30	36	43
536	회	7	8	18	32	37	43
535	회	11	12	14	15	18	39
534	회	10	24	26	29	37	38
533	회	9	14	15	17	31	33
532	회	16	17	23	24	29	44
531	회	1	5	9	21	27	35
530	회	16	23	27	29	33	41
529	회	18	20	24	27	31	42
528	회	5	17	25	31	39	40
527	회	1	12	22	32	33	42
526	회	7	14	17	20	35	39
525	회	11	23	26	29	39	44
524	회	10	11	29	38	41	45
523	회	1	4	37	38	40	45
522	회	4	5	13	14	37	41
521	회	3	7	18	29	32	36
520	회	4	22	27	28	38	40
519	회	6	8	13	16	30	43
518	회	14	23	30	32	34	38
517	회	1	9	12	28	36	41
516	회	2	8	23	41	43	44
515	회	2	11	12	15	23	37
514	회	1	15	20	26	35	42
513	회	5	8	21	23	27	33
512	회	4	5	9	13	26	27
511	회	3	7	14	23	26	42
510	회	12	29	32	33	39	40
509	회	12	25	29	35	42	43
508	회	5	27	31	34	35	43
507	회	12	13	32	33	40	41
506	회	6	9	11	22	24	30
505	회	7	20	22	25	38	40
504	회	6	14	22	26	43	44
503	회	1	5	27	30	34	36
502	회	6	22	28	32	34	40
501	회	1	4	10	17	31	42
500	회	3	4	12	20	24	34
499	회	5	20	23	27	35	40
498	회	13	14	24	32	39	41
497	회	19	20	23	24	43	44
496	회	4	13	20	29	36	41
495	회	4	13	22	27	34	44
494	회	5	7	8	15	30	43
493	회	20	22	26	33	36	37
492	회	22	27	31	35	37	40
491	회	8	17	35	36	39	42
490	회	2	7	26	29	40	43
489	회	2	4	8	15	20	27
488	회	2	8	17	30	31	38
487	회	4	8	25	27	37	41
486	회	1	2	23	25	38	40
485	회	17	22	26	27	36	39
484	회	1	3	27	28	32	45
483	회	12	15	19	22	28	34
482	회	1	10	16	24	25	35
481	회	3	4	23	29	40	41
480	회	3	5	10	17	30	31
479	회	8	23	25	27	35	44
478	회	18	29	30	37	39	43
477	회	14	25	29	32	33	45
476	회	9	12	13	15	37	38
475	회	1	9	14	16	21	29
474	회	4	13	18	31	33	45
473	회	8	13	20	22	23	36
472	회	16	25	26	31	36	43
471	회	6	13	29	37	39	41
470	회	10	16	20	39	41	42
469	회	4	21	22	34	37	38
468	회	8	13	15	28	37	43
467	회	2	12	14	17	24	40
466	회	4	10	13	23	32	44
465	회	1	8	11	13	22	38
464	회	6	12	15	34	42	44
463	회	23	29	31	33	34	44
462	회	3	20	24	32	37	45
461	회	11	18	26	31	37	40
460	회	8	11	28	30	43	45
459	회	4	6	10	14	25	40
458	회	4	9	10	32	36	40
457	회	8	10	18	23	27	40
456	회	1	7	12	18	23	27
455	회	4	19	20	26	30	35
454	회	13	25	27	34	38	41
453	회	12	24	33	38	40	42
452	회	8	10	18	30	32	34
451	회	12	15	20	24	30	38
450	회	6	14	19	21	23	31
449	회	3	10	20	26	35	43
448	회	3	7	13	27	40	41
447	회	2	7	8	9	17	33
446	회	1	11	12	14	26	35
445	회	13	20	21	30	39	45
444	회	11	13	23	35	43	45
443	회	4	6	10	19	20	44
442	회	25	27	29	36	38	40
441	회	1	23	28	30	34	35
440	회	10	22	28	34	36	44
439	회	17	20	30	31	37	40
438	회	6	12	20	26	29	38
437	회	11	16	29	38	41	44
436	회	9	14	20	22	33	34
435	회	8	16	26	30	38	45
434	회	3	13	20	24	33	37
433	회	19	23	29	33	35	43
432	회	2	3	5	11	27	39
431	회	18	22	25	31	38	45
430	회	1	3	16	18	30	34
429	회	3	23	28	34	39	42
428	회	12	16	19	22	37	40
427	회	6	7	15	24	28	30
426	회	4	17	18	27	39	43
425	회	8	10	14	27	33	38
424	회	10	11	26	31	34	44
423	회	1	17	27	28	29	40
422	회	8	15	19	21	34	44
421	회	6	11	26	27	28	44
420	회	4	9	10	29	31	34
419	회	2	11	13	14	28	30
418	회	11	13	15	26	28	34
417	회	4	5	14	20	22	43
416	회	5	6	8	11	22	26
415	회	7	17	20	26	30	40
414	회	2	14	15	22	23	44
413	회	2	9	15	23	34	40
412	회	4	7	39	41	42	45
411	회	11	14	22	35	37	39
410	회	1	3	18	32	40	41
409	회	6	9	21	31	32	40
408	회	9	20	21	22	30	37
407	회	6	7	13	16	24	25
406	회	7	12	21	24	27	36
405	회	1	2	10	25	26	44
404	회	5	20	21	24	33	40
403	회	10	14	22	24	28	37
402	회	5	9	15	19	22	36
401	회	6	12	18	31	38	43
400	회	9	21	27	34	41	43
399	회	1	2	9	17	19	42
398	회	10	15	20	23	42	44
397	회	12	13	17	22	25	33
396	회	18	20	31	34	40	45
395	회	11	15	20	26	31	35
394	회	1	13	20	22	25	28
393	회	9	16	28	40	41	43
392	회	1	3	7	8	24	42
391	회	10	11	18	22	28	39
390	회	16	17	28	37	39	40
389	회	7	16	18	20	23	26
388	회	1	8	9	17	29	32
387	회	1	26	31	34	40	43
386	회	4	7	10	19	31	40
385	회	7	12	19	21	29	32
384	회	11	22	24	32	36	38
383	회	4	15	28	33	37	40
382	회	10	15	22	24	27	42
381	회	1	5	10	12	16	20
380	회	1	2	8	17	26	37
379	회	6	10	22	31	35	40
378	회	5	22	29	31	34	39
377	회	6	22	29	37	43	45
376	회	1	11	13	24	28	40
375	회	4	8	19	25	27	45
374	회	11	13	15	17	25	34
373	회	15	26	37	42	43	45
372	회	8	11	14	16	18	21
371	회	7	9	15	26	27	42
370	회	16	18	24	42	44	45
369	회	17	20	35	36	41	43
368	회	11	21	24	30	39	45
367	회	3	22	25	29	32	44
366	회	5	12	19	26	27	44
365	회	5	15	21	25	26	30
364	회	2	5	7	14	16	40
363	회	11	12	14	21	32	38
362	회	2	3	22	27	30	40
361	회	5	10	16	24	27	35
360	회	4	16	23	25	35	40
359	회	1	10	19	20	24	40
358	회	1	9	10	12	21	40
357	회	10	14	18	21	36	37
356	회	2	8	14	25	29	45
355	회	5	8	29	30	35	44
354	회	14	19	36	43	44	45
353	회	11	16	19	22	29	36
352	회	5	16	17	20	26	41
351	회	5	25	27	29	34	36
350	회	1	8	18	24	29	33
349	회	5	13	14	20	24	25
348	회	3	14	17	20	24	31
347	회	3	8	13	27	32	42
346	회	5	13	14	22	44	45
345	회	15	20	23	29	39	42
344	회	1	2	15	28	34	45
343	회	1	10	17	29	31	43
342	회	1	13	14	33	34	43
341	회	1	8	19	34	39	43
340	회	18	24	26	29	34	38
339	회	6	8	14	21	30	37
338	회	2	13	34	38	42	45
337	회	1	5	14	18	32	37
336	회	3	5	20	34	35	44
335	회	5	9	16	23	26	45
334	회	13	15	21	29	39	43
333	회	5	14	27	30	39	43
332	회	16	17	34	36	42	45
331	회	4	9	14	26	31	44
330	회	3	4	16	17	19	20
329	회	9	17	19	30	35	42
328	회	1	6	9	16	17	28
327	회	6	12	13	17	32	44
326	회	16	23	25	33	36	39
325	회	7	17	20	32	44	45
324	회	2	4	21	25	33	36
323	회	10	14	15	32	36	42
322	회	9	18	29	32	38	43
321	회	12	18	20	21	25	34
320	회	16	19	23	25	41	45
319	회	5	8	22	28	33	42
318	회	2	17	19	20	34	45
317	회	3	10	11	22	36	39
316	회	10	11	21	27	31	39
315	회	1	13	33	35	43	45
314	회	15	17	19	34	38	41
313	회	9	17	34	35	43	45
312	회	2	3	5	6	12	20
311	회	4	12	24	27	28	32
310	회	1	5	19	28	34	41
309	회	1	2	5	11	18	36
308	회	14	15	17	19	37	45
307	회	5	15	21	23	25	45
306	회	4	18	23	30	34	41
305	회	7	8	18	21	23	39
304	회	4	10	16	26	33	41
303	회	2	14	17	30	38	45
302	회	13	19	20	32	38	42
301	회	7	11	13	33	37	43
300	회	7	9	10	12	26	38
299	회	1	3	20	25	36	45
298	회	5	9	27	29	37	40
297	회	6	11	19	20	28	32
296	회	3	8	15	27	30	45
295	회	1	4	12	16	18	38
294	회	6	10	17	30	37	38
293	회	1	9	17	21	29	33
292	회	17	18	31	32	33	34
291	회	3	7	8	18	20	42
290	회	8	13	18	32	39	45
289	회	3	14	33	37	38	42
288	회	1	12	17	28	35	41
287	회	6	12	24	27	35	37
286	회	1	15	19	40	42	44
285	회	13	33	37	40	41	45
284	회	2	7	15	24	30	45
283	회	6	8	18	31	38	45
282	회	2	5	10	18	31	32
281	회	1	3	4	6	14	41
280	회	10	11	23	24	36	37
279	회	7	16	31	36	37	38
278	회	3	11	37	39	41	43
277	회	10	12	13	15	25	29
276	회	4	15	21	33	39	41
275	회	14	19	20	35	38	40
274	회	13	14	15	26	35	39
273	회	1	8	24	31	34	44
272	회	7	9	12	27	39	43
271	회	3	8	9	27	29	40
270	회	5	9	12	20	21	26
269	회	5	18	20	36	42	43
268	회	3	10	19	24	32	45
267	회	7	8	24	34	36	41
266	회	3	4	9	11	22	42
265	회	5	9	34	37	38	39
264	회	9	16	27	36	41	44
263	회	1	27	28	32	37	40
262	회	9	12	24	25	29	31
261	회	6	11	16	18	31	43
260	회	7	12	15	24	37	40
259	회	4	5	14	35	42	45
258	회	14	27	30	31	38	40
257	회	6	13	27	31	32	37
256	회	4	11	14	21	23	43
255	회	1	5	6	24	27	42
254	회	1	5	19	20	24	30
253	회	8	19	25	31	34	36
252	회	14	23	26	31	39	45
251	회	6	7	19	25	28	38
250	회	19	23	30	37	43	45
249	회	3	8	27	31	41	44
248	회	3	8	17	23	38	45
247	회	12	15	28	36	39	40
246	회	13	18	21	23	26	39
245	회	9	11	27	31	32	38
244	회	13	16	25	36	37	38
243	회	2	12	17	19	28	42
242	회	4	19	20	21	32	34
241	회	2	16	24	27	28	35
240	회	6	10	16	40	41	43
239	회	11	15	24	39	41	44
238	회	2	4	15	28	31	34
237	회	1	11	17	21	24	44
236	회	1	4	8	13	37	39
235	회	21	22	26	27	31	37
234	회	13	21	22	24	26	37
233	회	4	6	13	17	28	40
232	회	8	9	10	12	24	44
231	회	5	10	19	31	44	45
230	회	5	11	14	29	32	33
229	회	4	5	9	11	23	38
228	회	17	25	35	36	39	44
227	회	4	5	15	16	22	42
226	회	2	6	8	14	21	22
225	회	5	11	13	19	31	36
224	회	4	19	26	27	30	42
223	회	1	3	18	20	26	27
222	회	5	7	28	29	39	43
221	회	2	20	33	35	37	40
220	회	5	11	19	21	34	43
219	회	4	11	20	26	35	37
218	회	1	8	14	18	29	44
217	회	16	20	27	33	35	39
216	회	7	16	17	33	36	40
215	회	2	3	7	15	43	44
214	회	5	7	20	25	28	37
213	회	2	3	4	5	20	24
212	회	11	12	18	21	31	38
211	회	12	13	17	20	33	41
210	회	10	19	22	23	25	37
209	회	2	7	18	20	24	33
208	회	14	25	31	34	40	44
207	회	3	11	14	31	32	37
206	회	1	2	3	15	20	25
205	회	1	3	21	29	35	37
204	회	3	12	14	35	40	45
203	회	1	3	11	24	30	32
202	회	12	14	27	33	39	44
201	회	3	11	24	38	39	44
200	회	5	6	13	14	17	20
199	회	14	21	22	25	30	36
198	회	12	19	20	25	41	45
197	회	7	12	16	34	42	45
196	회	35	36	37	41	44	45
195	회	7	10	19	22	35	40
194	회	15	20	23	26	39	44
193	회	6	14	18	26	36	39
192	회	4	8	11	18	37	45
191	회	5	6	24	25	32	37
190	회	8	14	18	30	31	44
189	회	8	14	32	35	37	45
188	회	19	24	27	30	31	34
187	회	1	2	8	18	29	38
186	회	4	10	14	19	21	45
185	회	1	2	4	8	19	38
184	회	1	2	6	16	20	33
183	회	2	18	24	34	40	42
182	회	13	15	27	29	34	40
181	회	14	21	23	32	40	45
180	회	2	15	20	21	29	34
179	회	5	9	17	25	39	43
178	회	1	5	11	12	18	23
177	회	1	10	13	16	37	43
176	회	4	17	30	32	33	34
175	회	19	26	28	31	33	36
174	회	13	14	18	22	35	39
173	회	3	9	24	30	33	34
172	회	4	19	21	24	26	41
171	회	4	16	25	29	34	35
170	회	2	11	13	15	31	42
169	회	16	27	35	37	43	45
168	회	3	10	31	40	42	43
167	회	24	27	28	30	36	39
166	회	9	12	27	36	39	45
165	회	5	13	18	19	22	42
164	회	6	9	10	11	39	41
163	회	7	11	26	28	29	44
162	회	1	5	21	25	38	41
161	회	22	34	36	40	42	45
160	회	3	7	8	34	39	41
159	회	1	18	30	41	42	43
158	회	4	9	13	18	21	34
157	회	19	26	30	33	35	39
156	회	5	18	28	30	42	45
155	회	16	19	20	32	33	41
154	회	6	19	21	35	40	45
153	회	3	8	11	12	13	36
152	회	1	5	13	26	29	34
151	회	1	2	10	13	18	19
150	회	2	18	25	28	37	39
149	회	2	11	21	34	41	42
148	회	21	25	33	34	35	36
147	회	4	6	13	21	40	42
146	회	2	19	27	35	41	42
145	회	2	3	13	20	27	44
144	회	4	15	17	26	36	37
143	회	26	27	28	42	43	45
142	회	12	16	30	34	40	44
141	회	8	12	29	31	42	43
140	회	3	13	17	18	19	28
139	회	9	11	15	20	28	43
138	회	10	11	27	28	37	39
137	회	7	9	20	25	36	39
136	회	2	16	30	36	41	42
135	회	6	14	22	28	35	39
134	회	3	12	20	23	31	35
133	회	4	7	15	18	23	26
132	회	3	17	23	34	41	45
131	회	8	10	11	14	15	21
130	회	7	19	24	27	42	45
129	회	19	23	25	28	38	42
128	회	12	30	34	36	37	45
127	회	3	5	10	29	32	43
126	회	7	20	22	27	40	43
125	회	2	8	32	33	35	36
124	회	4	16	23	25	29	42
123	회	7	17	18	28	30	45
122	회	1	11	16	17	36	40
121	회	12	28	30	34	38	43
120	회	4	6	10	11	32	37
119	회	3	11	13	14	17	21
118	회	3	4	10	17	19	22
117	회	5	10	22	34	36	44
116	회	2	4	25	31	34	37
115	회	1	2	6	9	25	28
114	회	11	14	19	26	28	41
113	회	4	9	28	33	36	45
112	회	26	29	30	33	41	42
111	회	7	18	31	33	36	40
110	회	7	20	22	23	29	43
109	회	1	5	34	36	42	44
108	회	7	18	22	23	29	44
107	회	1	4	5	6	9	31
106	회	4	10	12	22	24	33
105	회	8	10	20	34	41	45
104	회	17	32	33	34	42	44
103	회	5	14	15	27	30	45
102	회	17	22	24	26	35	40
101	회	1	3	17	32	35	45
100	회	1	7	11	23	37	42
99	회	1	3	10	27	29	37
98	회	6	9	16	23	24	32
97	회	6	7	14	15	20	36
96	회	1	3	8	21	22	31
95	회	8	17	27	31	34	43
94	회	5	32	34	40	41	45
93	회	6	22	24	36	38	44
92	회	3	14	24	33	35	36
91	회	1	21	24	26	29	42
90	회	17	20	29	35	38	44
89	회	4	26	28	29	33	40
88	회	1	17	20	24	30	41
87	회	4	12	16	23	34	43
86	회	2	12	37	39	41	45
85	회	6	8	13	23	31	36
84	회	16	23	27	34	42	45
83	회	6	10	15	17	19	34
82	회	1	2	3	14	27	42
81	회	5	7	11	13	20	33
80	회	17	18	24	25	26	30
79	회	3	12	24	27	30	32
78	회	10	13	25	29	33	35
77	회	2	18	29	32	43	44
76	회	1	3	15	22	25	37
75	회	2	5	24	32	34	44
74	회	6	15	17	18	35	40
73	회	3	12	18	32	40	43
72	회	2	4	11	17	26	27
71	회	5	9	12	16	29	41
70	회	5	19	22	25	28	43
69	회	5	8	14	15	19	39
68	회	10	12	15	16	26	39
67	회	3	7	10	15	36	38
66	회	2	3	7	17	22	24
65	회	4	25	33	36	40	43
64	회	14	15	18	21	26	36
63	회	3	20	23	36	38	40
62	회	3	8	15	27	29	35
61	회	14	15	19	30	38	43
60	회	2	8	25	36	39	42
59	회	6	29	36	39	41	45
58	회	10	24	25	33	40	44
57	회	7	10	16	25	29	44
56	회	10	14	30	31	33	37
55	회	17	21	31	37	40	44
54	회	1	8	21	27	36	39
53	회	7	8	14	32	33	39
52	회	2	4	15	16	20	29
51	회	2	3	11	16	26	44
50	회	2	10	12	15	22	44
49	회	4	7	16	19	33	40
48	회	6	10	18	26	37	38
47	회	14	17	26	31	36	45
46	회	8	13	15	23	31	38
45	회	1	10	20	27	33	35
44	회	3	11	21	30	38	45
43	회	6	31	35	38	39	44
42	회	17	18	19	21	23	32
41	회	13	20	23	35	38	43
40	회	7	13	18	19	25	26
39	회	6	7	13	15	21	43
38	회	16	17	22	30	37	43
37	회	7	27	30	33	35	37
36	회	1	10	23	26	28	40
35	회	2	3	11	26	37	43
34	회	9	26	35	37	40	42
33	회	4	7	32	33	40	41
32	회	6	14	19	25	34	44
31	회	7	9	18	23	28	35
30	회	8	17	20	35	36	44
29	회	1	5	13	34	39	40
28	회	9	18	23	25	35	37
27	회	1	20	26	28	37	43
26	회	4	5	7	18	20	25
25	회	2	4	21	26	43	44
24	회	7	8	27	29	36	43
23	회	5	13	17	18	33	42
22	회	4	5	6	8	17	39
21	회	6	12	17	18	31	32
20	회	10	14	18	20	23	30
19	회	6	30	38	39	40	43
18	회	3	12	13	19	32	35
17	회	3	4	9	17	32	37
16	회	6	7	24	37	38	40
15	회	3	4	16	30	31	37
14	회	2	6	12	31	33	40
13	회	22	23	25	37	38	42
12	회	2	11	21	25	39	45
11	회	1	7	36	37	41	42
10	회	9	25	30	33	41	44
9	회	2	4	16	17	36	39
8	회	8	19	25	34	37	39
7	회	2	9	16	25	26	40
6	회	14	15	26	27	40	42
5	회	16	24	29	40	41	42
4	회	14	27	30	31	40	42
3	회	11	16	19	21	27	31
2	회	9	13	21	25	32	42
1	회	10	23	29	33	37	40
							
							
